[MMO]
pa15 = -19.65812683
pa30 = -61.88648224
maxmixoff = -12.63191986
maxmixpa15 = -22.62602234
maxmixpa30 = -28.74326706
sa-id = Rohde&Schwarz,FSW-50,1331.5003K50/101643,5.10-22.3.6.0 Beta
39GHz

